(1948,1,48.02,37.94,,85.0,---)
(1948,2,46.22,35.96,,26.0,---)
(1948,3,57.56,38.839999999999996,,14.0,---)
(1948,4,59.72,41.18,,35.0,---)
(1948,5,64.58,44.42,,57.0,---)
(1948,6,66.38,50.54,,67.0,---)
(1948,7,71.06,53.6,,21.0,---)
(1948,8,69.44,53.06,,67.0,---)
(1948,9,67.28,50.36,,35.0,---)
(1948,10,58.82,42.8,,50.0,---)
(1948,11,51.44,40.28,,44.0,---)
(1948,12,47.84,38.839999999999996,,63.0,---)
(1949,1,47.3,35.24,9,23.0,---)
(1949,2,50.72,33.08,11,27.0,---)
(1949,3,48.74,34.16,11,26.1,---)
(1949,4,61.16,42.8,1,34.2,---)
(1949,5,62.78,44.239999999999995,0,56.9,---)
(1949,6,71.6,50.9,0,9.0,---)
(1949,7,77.18,55.22,0,46.5,---)
(1949,8,75.02,54.5,0,26.3,---)
(1949,9,73.04,55.94,0,23.3,---)
(1949,10,62.6,47.48,3,139.6,---)
(1949,11,50.36,37.22,7,53.4,---)
(1949,12,48.56,37.22,6,33.0,---)
(1950,1,44.78,35.06,11,16.8,---)
(1950,2,49.82,36.32,7,82.2,---)
(1950,3,54.14,38.3,4,17.4,---)
(1950,4,55.22,39.56,1,54.8,---)
(1950,5,62.959999999999994,45.68,0,41.8,---)
(1950,6,74.48,54.14,0,44.6,---)
(1950,7,70.88,55.22,0,91.8,---)
(1950,8,71.42,53.78,0,68.8,---)
(1950,9,63.68,50.36,0,63.3,---)
(1950,10,57.2,42.980000000000004,3,10.9,---)
(1950,11,48.74,37.94,3,108.2,---)
(1950,12,38.839999999999996,30.2,18,40.2,---)
(1951,1,45.14,34.7,7,71.3,---)
(1951,2,44.6,33.44,6,121.4,---)
(1951,3,47.120000000000005,35.06,6,86.0,---)
(1951,4,54.14,37.4,3,60.6,---)
(1951,5,59.0,44.6,0,53.0,---)
(1951,6,68.9,50.0,0,26.9,---)
(1951,7,73.4,55.22,0,33.8,---)
(1951,8,68.36,54.14,0,95.5,---)
(1951,9,66.56,52.34,0,66.3,---)
(1951,10,58.28,42.8,2,23.5,---)
(1951,11,53.24,43.16,1,132.6,---)
(1951,12,48.02,37.58,7,36.9,---)
(1952,1,43.16,32.72,13,47.0,---)
(1952,2,44.06,31.46,14,16.1,---)
(1952,3,51.08,38.839999999999996,4,65.3,---)
(1952,4,60.08,42.44,2,39.9,---)
(1952,5,67.28,48.92,0,57.1,---)
(1952,6,69.62,51.620000000000005,0,30.0,---)
(1952,7,73.94,56.120000000000005,0,12.2,---)
(1952,8,70.88,55.94,0,63.5,---)
(1952,9,61.519999999999996,45.68,0,70.8,---)
(1952,10,55.76,42.260000000000005,4,69.8,---)
(1952,11,45.5,34.88,9,79.4,---)
(1952,12,42.44,31.64,15,66.0,---)
(1953,1,42.08,33.08,14,21.2,---)
(1953,2,45.5,33.8,9,31.4,---)
(1953,3,51.98,33.8,12,8.5,---)
(1953,4,55.58,39.74,0,53.7,---)
(1953,5,65.66,48.02,0,32.4,---)
(1953,6,67.64,51.44,0,34.8,---)
(1953,7,69.8,53.78,0,75.3,---)
(1953,8,72.68,54.68,0,39.0,---)
(1953,9,67.1,49.64,0,47.4,---)
(1953,10,58.459999999999994,44.78,0,65.7,---)
(1953,11,52.34,41.36,0,28.6,---)
(1953,12,50.0,41.18,1,13.3,---)
(1954,1,42.620000000000005,32.54,15,23.5,---)
(1954,2,42.980000000000004,32.72,8,51.5,---)
(1954,3,50.72,37.4,5,51.3,---)
(1954,4,55.76,37.04,2,8.9,---)
(1954,5,62.24,45.68,0,52.6,---)
(1954,6,65.48,51.26,0,95.3,---)
(1954,7,66.56,53.06,0,62.1,---)
(1954,8,67.64,52.7,0,87.5,---)
(1954,9,64.4,49.28,0,58.1,---)
(1954,10,61.16,48.02,1,54.1,---)
(1954,11,52.16,38.48,5,95.5,---)
(1954,12,49.46,38.12,5,46.6,---)
(1955,1,42.08,32.72,11,50.2,---)
(1955,2,41.0,30.56,16,35.0,---)
(1955,3,46.22,32.36,18,22.8,---)
(1955,4,59.36,41.18,0,7.2,---)
(1955,5,59.9,43.519999999999996,0,103.2,---)
(1955,6,68.0,51.98,0,52.1,---)
(1955,7,75.92,55.58,0,7.1,---)
(1955,8,75.74000000000001,56.48,0,17.8,---)
(1955,9,67.82,49.82,0,42.7,---)
(1955,10,56.3,41.54,4,87.7,---)
(1955,11,51.26,39.56,5,30.1,---)
(1955,12,49.1,36.14,8,46.7,---)
(1956,1,44.6,32.9,14,88.6,---)
(1956,2,37.22,25.52,22,2.3,---)
(1956,3,51.8,36.86,9,15.0,---)
(1956,4,53.78,36.32,3,29.1,---)
(1956,5,66.38,44.78,0,4.2,---)
(1956,6,65.3,49.28,0,41.5,---)
(1956,7,69.62,55.04,0,130.5,---)
(1956,8,65.84,51.620000000000005,0,99.5,---)
(1956,9,66.56,53.06,0,50.0,---)
(1956,10,56.84,42.8,0,74.1,---)
(1956,11,48.74,36.5,7,10.1,---)
(1956,12,46.76,38.3,5,70.3,---)
(1957,1,47.66,36.86,5,39.5,53.0)
(1957,2,48.2,37.22,5,69.8,64.9)
(1957,3,57.02,42.260000000000005,2,25.4,96.7)
(1957,4,57.56,41.36,1,5.7,169.6)
(1957,5,61.16,43.7,0,21.3,195.0)
(1957,6,74.48,51.26,0,22.4,284.5)
(1957,7,72.5,56.84,0,87.0,152.3)
(1957,8,69.98,54.5,0,86.2,154.4)
(1957,9,63.68,50.18,0,51.7,88.5)
(1957,10,59.9,45.86,0,47.0,85.9)
(1957,11,48.92,39.74,2,59.5,67.5)
(1957,12,45.68,33.8,11,42.1,40.8)
(1958,1,44.239999999999995,33.62,10,64.3,40.1)
(1958,2,48.02,35.42,10,58.7,45.7)
(1958,3,46.58,33.98,10,26.0,105.2)
(1958,4,54.14,38.839999999999996,3,29.5,153.2)
(1958,5,63.14,46.04,0,59.5,189.2)
(1958,6,66.92,51.26,0,104.3,152.2)
(1958,7,71.06,55.22,0,51.9,190.5)
(1958,8,69.44,55.58,0,75.2,103.1)
(1958,9,68.0,53.78,0,83.8,134.8)
(1958,10,58.82,46.94,0,50.7,94.2)
(1958,11,49.46,39.92,1,50.7,40.8)
(1958,12,46.4,36.86,2,85.1,29.6)
(1959,1,42.260000000000005,30.02,23,54.8,76.2)
(1959,2,45.32,34.16,7,2.4,54.8)
(1959,3,53.42,39.92,0,43.8,103.9)
(1959,4,57.56,43.34,0,52.9,139.1)
(1959,5,65.66,46.4,0,21.9,221.4)
(1959,6,71.78,51.98,0,16.2,231.6)
(1959,7,76.46,55.94,0,86.5,276.9)
(1959,8,75.56,56.66,0,27.6,240.0)
(1959,9,72.86,51.08,0,5.1,209.2)
(1959,10,64.04,47.3,0,46.9,150.1)
(1959,11,51.44,38.3,6,53.5,53.0)
(1959,12,48.74,37.4,1,75.7,30.2)
(1960,1,44.42,35.24,12,47.9,34.4)
(1960,2,46.22,34.88,7,48.0,80.1)
(1960,3,50.36,40.1,0,33.9,65.0)
(1960,4,57.74,40.28,1,12.4,156.1)
(1960,5,65.12,48.74,0,45.6,181.7)
(1960,6,71.78,53.78,0,42.8,248.6)
(1960,7,68.18,54.32,0,67.2,139.7)
(1960,8,68.54,53.24,0,60.8,150.9)
(1960,9,65.3,50.9,0,75.3,128.4)
(1960,10,57.56,46.76,0,155.5,75.2)
(1960,11,52.16,40.1,4,89.5,69.4)
(1960,12,44.42,35.78,5,56.5,44.5)
(1961,1,44.42,34.16,11,64.4,45.8)
(1961,2,50.54,40.82,0,55.1,56.0)
(1961,3,57.02,37.22,4,5.7,166.7)
(1961,4,59.0,44.78,0,50.8,73.5)
(1961,5,62.24,45.32,0,17.2,217.2)
(1961,6,71.06,50.9,0,29.2,229.3)
(1961,7,71.78,53.78,0,26.2,180.0)
(1961,8,71.06,54.68,0,47.6,158.8)
(1961,9,69.62,53.6,0,64.7,125.4)
(1961,10,60.08,45.68,1,56.8,117.2)
(1961,11,49.82,38.3,7,52.5,55.6)
(1961,12,44.239999999999995,32.36,17,88.6,46.2)
(1962,1,46.22,34.16,7,76.1,67.1)
(1962,2,45.68,34.52,7,12.6,67.1)
(1962,3,45.32,30.92,16,35.8,111.4)
(1962,4,54.86,40.46,0,41.8,142.7)
(1962,5,59.0,44.78,0,29.6,157.9)
(1962,6,68.72,48.92,0,6.1,260.5)
(1962,7,69.08,53.78,0,82.8,135.0)
(1962,8,68.0,52.879999999999995,0,52.9,173.6)
(1962,9,64.04,49.28,0,88.4,152.0)
(1962,10,60.26,44.78,1,37.6,114.4)
(1962,11,48.379999999999995,37.76,8,41.7,33.6)
(1962,12,41.0,30.02,22,52.8,64.1)
(1963,1,33.44,23.72,28,12.9,38.4)
(1963,2,37.04,28.04,24,6.6,72.2)
(1963,3,51.26,37.4,7,68.2,95.9)
(1963,4,56.48,42.260000000000005,1,52.1,123.2)
(1963,5,60.8,44.42,0,33.7,195.6)
(1963,6,69.44,52.34,0,48.3,193.4)
(1963,7,69.98,53.42,0,28.1,196.2)
(1963,8,67.64,53.06,0,53.4,138.6)
(1963,9,64.4,50.18,0,49.0,120.9)
(1963,10,58.64,46.76,0,34.7,85.4)
(1963,11,53.24,42.8,1,118.8,59.3)
(1963,12,41.72,32.0,16,16.1,44.1)
(1964,1,42.44,32.72,9,17.8,37.4)
(1964,2,45.68,35.6,7,16.8,59.2)
(1964,3,45.68,36.68,5,95.1,66.8)
(1964,4,55.04,41.72,2,73.5,126.1)
(1964,5,67.28,49.64,0,46.1,197.8)
(1964,6,66.74000000000001,52.16,0,110.1,164.1)
(1964,7,73.04,56.3,0,20.2,219.7)
(1964,8,72.14,54.86,0,21.2,215.7)
(1964,9,69.98,51.08,0,11.1,213.7)
(1964,10,56.66,41.54,1,29.2,126.2)
(1964,11,52.16,41.54,2,29.6,55.0)
(1964,12,44.78,33.62,12,29.9,48.6)
(1965,1,43.879999999999995,33.8,14,43.0,72.8)
(1965,2,42.620000000000005,33.62,11,8.3,32.5)
(1965,3,50.9,35.96,9,58.0,129.7)
(1965,4,56.120000000000005,40.64,0,44.8,138.6)
(1965,5,62.24,47.48,0,39.5,194.6)
(1965,6,67.46,51.8,0,54.6,184.7)
(1965,7,66.74000000000001,53.06,0,85.9,129.9)
(1965,8,69.44,53.42,0,55.9,184.7)
(1965,9,63.32,48.56,0,109.4,130.0)
(1965,10,61.16,45.5,1,18.8,129.1)
(1965,11,47.120000000000005,35.96,9,65.4,96.5)
(1965,12,47.120000000000005,35.06,9,87.3,54.0)
(1966,1,41.54,33.8,13,32.6,40.8)
(1966,2,48.74,39.92,1,73.4,27.0)
(1966,3,51.620000000000005,36.68,4,12.2,122.6)
(1966,4,53.96,41.72,0,98.6,88.7)
(1966,5,62.6,45.5,0,50.5,222.9)
(1966,6,71.24000000000001,53.96,0,66.7,205.4)
(1966,7,68.18,53.96,0,78.0,161.6)
(1966,8,69.08,52.879999999999995,0,86.2,199.7)
(1966,9,67.28,51.44,0,36.7,161.4)
(1966,10,58.459999999999994,47.48,0,122.1,81.3)
(1966,11,47.84,37.22,4,41.7,59.3)
(1966,12,48.74,35.96,6,62.5,36.3)
(1967,1,45.14,35.78,12,36.4,66.1)
(1967,2,48.74,36.68,7,48.6,89.5)
(1967,3,52.879999999999995,38.660000000000004,1,35.7,172.9)
(1967,4,54.5,39.92,1,44.1,138.2)
(1967,5,60.08,46.04,1,102.1,183.6)
(1967,6,68.18,50.54,0,51.0,210.0)
(1967,7,74.3,56.84,0,73.5,239.5)
(1967,8,70.7,54.86,0,47.4,182.9)
(1967,9,65.3,51.98,0,59.5,118.6)
(1967,10,59.0,47.84,0,103.8,99.1)
(1967,11,49.46,36.68,5,42.3,78.7)
(1967,12,44.96,34.34,11,54.0,61.3)
(1968,1,44.96,34.34,13,65.1,43.0)
(1968,2,42.260000000000005,32.36,13,25.3,67.2)
(1968,3,51.98,38.3,3,22.6,142.3)
(1968,4,56.66,39.92,4,44.2,188.4)
(1968,5,59.72,44.6,0,80.8,170.8)
(1968,6,69.08,52.7,0,54.9,172.5)
(1968,7,69.25999999999999,54.68,0,79.4,146.7)
(1968,8,68.36,54.68,0,68.2,121.1)
(1968,9,65.84,52.879999999999995,0,131.4,125.6)
(1968,10,61.7,51.26,0,64.2,78.5)
(1968,11,49.1,40.64,3,44.3,40.7)
(1968,12,41.72,33.8,12,74.9,30.7)
(1969,1,48.02,38.12,5,71.7,32.4)
(1969,2,40.82,30.38,15,45.0,70.5)
(1969,3,46.4,34.34,7,56.0,66.8)
(1969,4,56.48,39.02,4,20.3,207.6)
(1969,5,62.78,47.48,0,59.5,149.1)
(1969,6,69.08,50.36,0,26.6,262.8)
(1969,7,75.02,57.02,0,68.7,229.2)
(1969,8,71.24000000000001,56.48,0,93.0,141.3)
(1969,9,67.28,53.06,0,3.1,118.5)
(1969,10,64.75999999999999,49.82,0,5.1,117.3)
(1969,11,49.28,37.94,7,68.7,71.1)
(1969,12,42.980000000000004,34.52,9,46.1,18.5)
(1970,1,44.78,35.78,9,67.7,31.9)
(1970,2,44.96,33.44,12,39.9,105.5)
(1970,3,46.58,33.26,13,37.6,99.7)
(1970,4,52.52,38.660000000000004,3,59.5,122.7)
(1970,5,66.56,48.56,0,25.1,219.2)
(1970,6,74.48,54.86,0,70.1,273.3)
(1970,7,70.34,54.14,0,53.0,181.3)
(1970,8,72.14,55.4,0,53.6,184.3)
(1970,9,68.54,52.52,0,49.8,157.0)
(1970,10,60.26,46.58,0,10.4,100.9)
(1970,11,53.42,41.9,1,151.2,59.8)
(1970,12,44.6,35.06,10,38.5,45.3)
(1971,1,46.04,37.04,6,70.5,42.5)
(1971,2,47.48,35.42,5,16.6,72.6)
(1971,3,48.379999999999995,36.14,7,42.4,104.7)
(1971,4,53.96,40.64,1,47.3,121.5)
(1971,5,64.58,46.76,0,76.7,232.9)
(1971,6,64.04,50.18,0,127.7,145.4)
(1971,7,75.38,56.84,0,19.3,224.1)
(1971,8,70.34,56.3,0,64.4,147.5)
(1971,9,69.25999999999999,50.36,0,11.1,173.9)
(1971,10,62.959999999999994,46.58,0,57.6,147.0)
(1971,11,50.72,37.4,7,63.9,96.3)
(1971,12,48.74,40.1,1,21.0,31.4)
(1972,1,44.42,35.78,6,55.3,40.9)
(1972,2,46.22,36.68,2,43.4,35.0)
(1972,3,54.32,37.94,2,54.0,144.5)
(1972,4,55.22,42.260000000000005,0,38.3,120.8)
(1972,5,60.8,45.68,0,25.9,171.7)
(1972,6,63.5,48.2,0,15.4,166.3)
(1972,7,72.14,54.86,0,27.2,151.4)
(1972,8,71.24000000000001,53.78,0,15.4,190.0)
(1972,9,63.14,48.2,0,27.6,117.5)
(1972,10,60.08,47.3,0,17.3,112.7)
(1972,11,49.82,37.76,9,57.7,78.0)
(1972,12,48.92,38.3,2,66.7,56.5)
(1973,1,45.14,35.6,10,13.1,28.0)
(1973,2,46.58,33.26,15,12.5,66.0)
(1973,3,52.7,35.96,6,10.4,138.1)
(1973,4,54.5,39.02,2,58.1,140.5)
(1973,5,62.42,47.48,0,54.2,167.2)
(1973,6,71.42,52.879999999999995,0,68.8,254.5)
(1973,7,70.52,54.86,0,49.1,173.7)
(1973,8,74.66,56.84,0,40.9,189.1)
(1973,9,69.25999999999999,52.879999999999995,0,60.7,180.4)
(1973,10,57.02,42.980000000000004,0,38.6,98.9)
(1973,11,50.54,36.5,11,26.6,87.0)
(1973,12,47.48,35.78,9,52.3,59.6)
(1974,1,49.28,38.48,2,53.0,46.0)
(1974,2,48.56,37.4,2,57.8,67.2)
(1974,3,50.54,37.04,4,27.2,101.3)
(1974,4,57.2,40.46,0,15.2,159.3)
(1974,5,62.6,45.5,0,22.4,196.4)
(1974,6,68.18,51.08,0,67.2,201.7)
(1974,7,69.62,54.5,0,29.8,187.7)
(1974,8,70.7,53.78,0,67.8,190.3)
(1974,9,63.5,49.1,0,140.0,156.0)
(1974,10,51.8,41.0,1,71.9,89.1)
(1974,11,51.08,41.0,0,142.8,42.7)
(1974,12,51.8,42.08,0,34.4,52.6)
(1975,1,50.54,40.1,2,92.3,38.0)
(1975,2,48.74,35.42,5,23.0,79.1)
(1975,3,47.120000000000005,37.04,7,69.7,66.9)
(1975,4,55.94,41.0,5,43.6,133.4)
(1975,5,59.18,44.42,0,62.9,149.8)
(1975,6,71.24000000000001,50.72,0,23.2,293.7)
(1975,7,75.38,57.379999999999995,0,36.3,217.3)
(1975,8,78.62,59.0,0,13.3,226.0)
(1975,9,67.1,51.08,0,111.2,144.1)
(1975,10,57.92,44.6,0,23.2,111.6)
(1975,11,50.18,37.76,6,58.0,78.8)
(1975,12,45.68,34.7,11,29.1,40.3)
(1976,1,47.84,37.4,8,13.9,68.3)
(1976,2,46.04,36.14,7,21.1,39.7)
(1976,3,49.1,35.6,8,11.3,127.1)
(1976,4,56.66,39.74,1,9.9,182.3)
(1976,5,66.74000000000001,48.02,0,19.3,209.2)
(1976,6,77.9,56.66,0,6.3,261.2)
(1976,7,79.88,58.82,0,15.4,263.5)
(1976,8,77.18,55.76,0,16.4,263.7)
(1976,9,66.2,52.16,0,96.6,118.9)
(1976,10,58.82,47.84,0,93.0,61.4)
(1976,11,49.82,38.3,5,81.7,60.1)
(1976,12,42.08,31.64,11,72.3,57.4)
(1977,1,42.980000000000004,33.44,15,63.5,38.2)
(1977,2,49.28,38.12,3,65.3,83.3)
(1977,3,52.16,40.1,4,56.8,105.1)
(1977,4,53.96,39.38,4,32.7,151.1)
(1977,5,61.519999999999996,44.96,0,37.3,210.5)
(1977,6,63.32,49.28,0,52.4,134.8)
(1977,7,72.32,54.86,0,10.4,210.4)
(1977,8,68.54,55.4,0,150.3,135.8)
(1977,9,64.4,51.26,0,15.3,117.5)
(1977,10,61.34,48.2,0,48.1,113.8)
(1977,11,50.72,40.28,2,51.3,88.4)
(1977,12,48.56,39.38,2,55.5,37.1)
(1978,1,44.06,33.26,11,68.8,47.4)
(1978,2,43.16,33.26,13,40.9,41.3)
(1978,3,52.34,38.3,4,58.9,108.5)
(1978,4,51.26,39.02,4,45.4,113.8)
(1978,5,62.959999999999994,46.22,0,78.5,210.6)
(1978,6,67.46,51.26,0,38.1,175.9)
(1978,7,68.9,54.86,0,65.5,142.0)
(1978,8,69.25999999999999,53.78,0,53.6,177.6)
(1978,9,68.18,51.44,0,17.1,166.7)
(1978,10,62.78,47.120000000000005,0,1.6,98.4)
(1978,11,54.68,43.16,4,8.2,81.7)
(1978,12,46.04,36.68,11,108.6,35.4)
(1979,1,38.839999999999996,27.32,24,59.9,58.5)
(1979,2,40.1,31.28,13,44.0,52.9)
(1979,3,48.56,35.6,4,94.9,99.6)
(1979,4,54.86,40.64,2,77.6,106.3)
(1979,5,60.62,44.96,2,87.0,200.6)
(1979,6,66.2,51.98,0,37.6,140.3)
(1979,7,72.5,56.120000000000005,0,21.7,182.5)
(1979,8,69.8,53.96,0,33.4,171.3)
(1979,9,67.28,50.54,0,20.8,177.6)
(1979,10,61.519999999999996,47.84,0,68.7,124.9)
(1979,11,51.44,38.3,5,48.2,58.1)
(1979,12,48.56,39.02,5,90.7,49.6)
(1980,1,42.8,31.82,14,29.7,72.4)
(1980,2,49.82,37.22,4,36.8,52.2)
(1980,3,48.2,36.32,4,72.1,83.2)
(1980,4,57.2,41.72,0,21.6,161.2)
(1980,5,63.14,45.32,0,26.1,221.1)
(1980,6,67.64,51.620000000000005,0,106.2,188.8)
(1980,7,67.46,53.42,0,59.3,163.7)
(1980,8,71.42,55.94,0,52.3,173.4)
(1980,9,68.18,53.6,0,27.7,146.6)
(1980,10,57.2,42.44,0,96.5,123.3)
(1980,11,48.74,40.1,4,26.4,66.4)
(1980,12,48.02,36.86,8,33.4,63.7)
(1981,1,46.58,35.6,9,32.7,62.0)
(1981,2,44.78,31.82,16,11.9,71.6)
(1981,3,53.24,43.7,1,90.8,56.8)
(1981,4,55.22,40.82,1,32.4,129.9)
(1981,5,60.980000000000004,47.120000000000005,0,79.8,112.0)
(1981,6,65.3,50.72,0,39.5,152.1)
(1981,7,71.6,55.04,0,56.7,148.9)
(1981,8,73.04,55.4,0,45.3,217.9)
(1981,9,68.54,52.34,0,94.6,151.1)
(1981,10,55.22,42.44,0,76.5,110.3)
(1981,11,52.7,41.18,1,34.1,54.9)
(1981,12,39.92,29.3,17,85.3,47.0)
(1982,1,44.42,32.72,14,38.0,57.7)
(1982,2,47.120000000000005,36.32,4,31.6,51.3)
(1982,3,51.98,36.5,3,51.5,171.3)
(1982,4,57.74,41.0,2,22.8,180.9)
(1982,5,64.4,45.68,0,71.9,204.8)
(1982,6,70.7,55.04,0,84.6,182.1)
(1982,7,72.86,56.120000000000005,0,24.5,164.0)
(1982,8,71.96,55.22,0,39.7,168.9)
(1982,9,69.44,51.98,0,39.6,156.0)
(1982,10,57.379999999999995,46.04,0,109.1,69.6)
(1982,11,52.52,43.16,3,72.9,55.5)
(1982,12,46.76,35.42,8,63.6,50.0)
(1983,1,50.0,39.74,3,47.2,51.4)
(1983,2,41.9,31.1,19,31.0,85.3)
(1983,3,51.44,37.4,5,33.7,93.4)
(1983,4,54.32,38.48,3,101.5,145.4)
(1983,5,60.08,45.5,0,72.9,136.8)
(1983,6,69.44,52.52,0,12.0,188.8)
(1983,7,81.68,60.8,0,50.3,247.8)
(1983,8,76.1,56.84,0,11.4,219.1)
(1983,9,66.74000000000001,52.34,0,42.9,113.7)
(1983,10,59.18,45.68,2,41.7,114.0)
(1983,11,52.34,41.9,4,39.5,42.9)
(1983,12,48.56,36.86,10,50.9,58.5)
(1984,1,46.4,34.52,9,73.3,88.1)
(1984,2,45.32,34.34,10,32.9,71.6)
(1984,3,48.02,36.5,2,73.4,51.4)
(1984,4,58.28,39.02,5,5.4,230.5)
(1984,5,58.82,44.239999999999995,0,90.9,144.7)
(1984,6,70.34,52.34,0,36.1,237.0)
(1984,7,75.56,55.22,0,19.2,232.5)
(1984,8,75.92,57.56,0,27.8,201.1)
(1984,9,65.48,51.8,0,73.4,98.1)
(1984,10,60.440000000000005,47.3,0,82.8,91.2)
(1984,11,53.96,43.519999999999996,0,69.8,75.4)
(1984,12,47.66,37.04,8,56.7,49.3)
(1985,1,39.38,28.76,20,41.3,46.9)
(1985,2,43.34,32.18,13,29.8,78.3)
(1985,3,48.92,34.34,12,34.1,105.2)
(1985,4,57.2,41.54,3,33.3,157.5)
(1985,5,61.519999999999996,46.76,0,64.7,163.7)
(1985,6,65.3,49.82,0,88.9,167.2)
(1985,7,73.22,55.76,0,35.2,241.4)
(1985,8,68.54,53.42,0,58.9,187.3)
(1985,9,69.08,52.52,0,11.2,143.4)
(1985,10,60.980000000000004,47.84,0,18.4,118.8)
(1985,11,46.58,34.16,11,30.0,88.6)
(1985,12,50.0,41.36,4,80.5,39.0)
(1986,1,44.96,33.8,11,105.6,62.8)
(1986,2,35.06,27.14,24,14.5,61.9)
(1986,3,50.18,35.24,8,43.5,124.4)
(1986,4,51.620000000000005,37.76,3,60.7,135.2)
(1986,5,61.34,46.22,0,52.3,172.3)
(1986,6,71.24000000000001,52.52,0,17.2,225.8)
(1986,7,72.68,55.94,0,54.6,180.5)
(1986,8,68.0,52.7,0,66.7,158.3)
(1986,9,63.32,46.58,0,22.8,157.5)
(1986,10,61.519999999999996,47.3,0,72.4,116.3)
(1986,11,53.78,41.36,0,66.1,73.1)
(1986,12,49.46,37.76,4,60.6,55.1)
(1987,1,38.48,30.2,18,11.1,54.4)
(1987,2,45.86,34.52,12,32.4,58.0)
(1987,3,47.3,34.52,14,42.7,105.2)
(1987,4,60.440000000000005,44.06,0,39.9,153.0)
(1987,5,61.34,44.6,0,54.1,198.2)
(1987,6,65.48,51.08,0,69.9,132.9)
(1987,7,71.24000000000001,55.76,0,77.3,176.1)
(1987,8,71.24000000000001,54.5,0,57.2,172.3)
(1987,9,66.74000000000001,52.52,0,36.9,147.2)
(1987,10,59.0,45.86,0,174.8,120.6)
(1987,11,49.64,39.56,3,43.3,39.8)
(1987,12,48.02,39.38,5,14.4,34.4)
(1988,1,47.84,37.58,5,106.9,54.7)
(1988,2,47.66,35.24,6,26.0,115.9)
(1988,3,51.26,38.660000000000004,4,59.5,88.1)
(1988,4,56.3,41.18,1,27.7,145.8)
(1988,5,64.4,48.379999999999995,0,41.6,202.0)
(1988,6,67.46,52.34,0,44.3,159.9)
(1988,7,68.0,53.96,0,76.2,161.7)
(1988,8,71.24000000000001,54.32,0,60.9,195.0)
(1988,9,65.84,51.44,0,27.8,147.8)
(1988,10,59.9,47.3,0,56.3,110.0)
(1988,11,49.82,35.24,12,16.0,89.2)
(1988,12,50.72,40.64,1,8.9,37.5)
(1989,1,49.1,37.58,6,26.0,59.2)
(1989,2,50.36,36.68,4,40.2,94.2)
(1989,3,55.22,40.1,2,56.6,100.0)
(1989,4,52.7,39.74,1,64.2,144.5)
(1989,5,69.8,50.0,0,12.1,310.1)
(1989,6,71.78,52.52,0,35.5,258.5)
(1989,7,78.44,58.64,0,36.7,274.8)
(1989,8,75.56,55.58,0,55.7,267.1)
(1989,9,69.25999999999999,54.68,0,10.8,131.2)
(1989,10,62.78,49.46,0,52.8,113.4)
(1989,11,51.620000000000005,38.660000000000004,6,23.8,107.0)
(1989,12,48.92,39.56,2,119.3,33.6)
(1990,1,50.36,39.92,0,71.1,57.6)
(1990,2,53.06,41.54,1,92.3,94.3)
(1990,3,56.48,40.64,1,6.9,154.6)
(1990,4,58.28,39.56,3,29.7,245.0)
(1990,5,68.9,48.2,0,4.1,287.0)
(1990,6,67.1,51.44,0,39.5,132.5)
(1990,7,76.46,55.76,0,6.9,273.2)
(1990,8,78.8,58.459999999999994,0,26.8,249.3)
(1990,9,67.46,50.0,0,24.9,173.4)
(1990,10,62.42,49.28,0,49.7,122.5)
(1990,11,51.26,41.18,0,22.1,70.0)
(1990,12,45.68,36.5,7,51.4,47.8)
(1991,1,45.14,35.24,3,69.7,68.4)
(1991,2,41.72,29.66,16,34.7,48.5)
(1991,3,54.5,41.54,2,25.9,102.7)
(1991,4,55.58,40.64,2,52.8,158.5)
(1991,5,60.26,45.86,0,9.1,138.7)
(1991,6,64.04,49.46,0,88.6,135.0)
(1991,7,73.75999999999999,57.92,0,92.9,218.6)
(1991,8,75.38,57.92,0,26.0,241.7)
(1991,9,70.52,52.7,0,43.7,183.0)
(1991,10,58.28,45.68,0,18.5,87.1)
(1991,11,51.08,39.56,5,59.3,59.2)
(1991,12,46.94,35.06,12,12.0,60.7)
(1992,1,45.5,35.6,11,12.6,56.0)
(1992,2,49.1,36.14,8,17.7,50.3)
(1992,3,53.24,40.82,0,38.5,61.8)
(1992,4,57.2,42.08,1,57.1,129.7)
(1992,5,69.8,50.36,0,94.5,271.9)
(1992,6,72.5,54.14,0,22.5,213.7)
(1992,7,72.5,57.56,0,62.3,158.6)
(1992,8,71.06,56.48,0,84.7,149.2)
(1992,9,66.02,51.8,0,77.3,127.5)
(1992,10,54.5,41.54,3,59.4,112.6)
(1992,11,53.6,40.64,2,86.9,61.6)
(1992,12,46.04,34.88,12,35.9,49.1)
(1993,1,50.54,38.3,4,63.1,37.8)
(1993,2,44.96,36.5,2,2.4,51.0)
(1993,3,53.24,37.94,4,16.0,128.4)
(1993,4,58.28,44.239999999999995,0,75.3,126.9)
(1993,5,64.4,47.84,0,31.8,176.6)
(1993,6,71.24000000000001,53.96,0,43.9,224.2)
(1993,7,70.88,54.68,0,35.0,174.6)
(1993,8,70.88,53.06,0,23.8,219.4)
(1993,9,63.5,49.64,0,96.3,104.5)
(1993,10,55.4,44.6,1,123.0,117.0)
(1993,11,47.84,36.32,11,29.5,71.3)
(1993,12,48.56,38.48,3,73.8,52.4)
(1994,1,48.74,37.04,6,80.0,73.4)
(1994,2,45.86,34.16,8,42.6,72.0)
(1994,3,54.14,41.18,1,40.0,126.4)
(1994,4,55.94,41.18,1,52.8,175.0)
(1994,5,60.8,46.76,0,80.6,158.3)
(1994,6,70.7,52.16,0,17.0,265.0)
(1994,7,79.16,59.36,0,16.9,267.1)
(1994,8,73.4,56.84,0,32.2,180.9)
(1994,9,64.04,51.44,0,86.3,109.7)
(1994,10,59.72,45.86,0,76.0,141.0)
(1994,11,56.48,47.120000000000005,0,43.1,42.7)
(1994,12,51.26,39.2,6,63.3,60.8)
(1995,1,48.02,35.96,6,113.7,59.6)
(1995,2,51.26,39.92,1,71.9,70.9)
(1995,3,52.16,35.6,7,49.5,194.5)
(1995,4,59.0,42.980000000000004,3,16.9,199.5)
(1995,5,66.2,46.76,0,30.0,234.4)
(1995,6,69.25999999999999,51.44,0,11.1,187.7)
(1995,7,79.34,59.36,0,20.3,247.1)
(1995,8,80.6,60.08,0,0.3,295.3)
(1995,9,66.56,51.26,0,95.0,142.4)
(1995,10,64.94,50.36,0,19.2,129.9)
(1995,11,53.6,41.18,4,28.5,76.2)
(1995,12,42.44,33.8,13,82.8,44.7)
(1996,1,44.96,37.58,5,41.5,25.3)
(1996,2,44.239999999999995,32.18,17,49.0,100.3)
(1996,3,47.48,35.78,9,31.4,75.9)
(1996,4,57.74,41.9,3,25.0,147.5)
(1996,5,59.18,42.620000000000005,0,25.8,182.6)
(1996,6,73.04,52.34,0,12.0,282.7)
(1996,7,75.56,55.76,0,28.8,233.7)
(1996,8,73.58,56.120000000000005,0,45.8,217.6)
(1996,9,66.56,51.26,0,22.0,142.0)
(1996,10,61.88,48.02,0,35.4,142.3)
(1996,11,50.9,36.86,9,91.0,107.5)
(1996,12,43.16,34.52,11,13.0,57.6)
(1997,1,41.9,32.36,13,10.3,59.3)
(1997,2,51.44,39.2,4,55.1,58.1)
(1997,3,56.84,41.54,0,11.4,151.0)
(1997,4,60.08,41.72,1,9.8,218.5)
(1997,5,65.66,47.3,1,28.2,259.2)
(1997,6,68.36,53.96,0,78.6,151.6)
(1997,7,74.3,57.02,0,34.6,241.1)
(1997,8,78.44,61.88,0,70.5,194.2)
(1997,9,69.62,53.24,0,6.8,190.3)
(1997,10,60.62,45.5,3,44.9,166.0)
(1997,11,54.5,43.16,2,47.1,67.3)
(1997,12,49.1,39.56,4,47.4,48.0)
(1998,1,48.56,38.3,3,68.6,65.2)
(1998,2,52.879999999999995,38.3,5,6.6,113.1)
(1998,3,53.78,42.260000000000005,1,51.1,84.9)
(1998,4,54.86,42.260000000000005,0,82.6,115.4)
(1998,5,67.28,50.36,0,31.9,228.2)
(1998,6,67.82,53.6,0,89.6,158.4)
(1998,7,70.52,55.4,0,26.9,184.3)
(1998,8,74.3,54.86,0,16.6,262.6)
(1998,9,68.72,54.86,0,101.2,149.1)
(1998,10,58.459999999999994,47.48,0,103.8,96.7)
(1998,11,49.28,38.12,4,57.0,78.5)
(1998,12,49.46,38.839999999999996,7,49.2,42.4)
(1999,1,48.92,38.839999999999996,3,68.7,53.7)
(1999,2,47.84,37.04,7,21.1,90.1)
(1999,3,53.96,41.0,2,25.6,122.5)
(1999,4,58.82,43.34,1,35.0,167.8)
(1999,5,66.38,50.36,0,35.8,184.9)
(1999,6,68.54,51.8,0,98.2,239.1)
(1999,7,76.82,57.74,0,8.6,275.9)
(1999,8,73.04,57.2,0,124.8,199.8)
(1999,9,70.34,55.76,0,86.7,165.0)
(1999,10,60.08,46.22,0,49.2,160.5)
(1999,11,52.34,42.620000000000005,0,31.2,79.0)
(1999,12,47.66,36.32,7,77.2,75.3)
(2000,1,47.48,36.32,7,16.5,78.6)
(2000,2,50.72,38.839999999999996,5,62.2,102.5)
(2000,3,53.78,40.82,1,16.0,120.4)
(2000,4,55.22,41.72,0,99.6,135.8)
(2000,5,64.4,49.28,0,87.2,202.9)
(2000,6,69.8,55.04,0,19.2,169.5)
(2000,7,69.8,55.04,0,52.8,174.7)
(2000,8,73.75999999999999,57.2,0,32.3,211.4)
(2000,9,68.18,54.5,0,105.8,132.1)
(2000,10,58.459999999999994,47.3,0,155.4,98.0)
(2000,11,51.8,40.1,1,99.5,74.9)
(2000,12,48.2,40.28,5,73.9,50.0)
(2001,1,44.78,35.24,9,75.2,87.0)
(2001,2,48.56,37.04,5,69.6,92.3)
(2001,3,49.1,38.839999999999996,3,95.3,78.2)
(2001,4,55.04,41.72,0,66.5,138.5)
(2001,5,65.84,48.379999999999995,0,26.0,228.0)
(2001,6,69.44,52.34,0,39.1,248.0)
(2001,7,75.74000000000001,58.1,0,35.2,229.1)
(2001,8,74.3,58.1,0,79.0,210.9)
(2001,9,64.58,51.44,0,59.6,143.3)
(2001,10,63.68,52.34,0,108.2,109.9)
(2001,11,52.34,39.92,3,33.8,88.3)
(2001,12,45.14,34.52,11,17.8,93.3)
(2002,1,49.1,38.3,6,51.0,53.4)
(2002,2,52.34,40.64,2,64.0,91.4)
(2002,3,54.32,41.18,2,37.6,111.3)
(2002,4,60.26,42.980000000000004,0,38.4,220.5)
(2002,5,63.14,48.92,0,66.4,192.2)
(2002,6,68.18,52.879999999999995,0,74.2,191.5)
(2002,7,72.14,56.3,0,67.2,193.9)
(2002,8,73.94,58.459999999999994,0,36.3,190.4)
(2002,9,68.54,52.7,0,20.0,178.2)
(2002,10,59.540000000000006,47.120000000000005,0,61.6,109.2)
(2002,11,54.32,44.6,0,151.0,66.1)
(2002,12,48.2,41.36,0,119.0,34.1)
(2003,1,46.4,36.14,10,73.6,93.6)
(2003,2,47.120000000000005,35.24,10,20.8,101.2)
(2003,3,56.48,39.92,0,16.4,176.9)
(2003,4,60.26,43.34,3,30.0,198.0)
(2003,5,64.75999999999999,48.2,0,39.1,205.5)
(2003,6,73.94,55.94,0,47.6,245.5)
(2003,7,75.56,58.459999999999994,0,28.8,213.9)
(2003,8,79.52,60.26,0,10.4,255.3)
(2003,9,71.42,51.44,0,8.4,206.7)
(2003,10,58.1,43.519999999999996,0,35.2,160.7)
(2003,11,54.68,44.06,1,113.8,88.2)
(2003,12,47.84,37.76,3,51.4,58.0)
(2004,1,47.84,37.58,8,71.9,64.0)
(2004,2,47.66,38.839999999999996,7,26.2,65.3)
(2004,3,51.44,39.02,3,29.5,102.7)
(2004,4,58.82,43.34,0,68.8,155.0)
(2004,5,64.75999999999999,49.1,0,45.0,208.2)
(2004,6,71.78,54.68,0,40.4,236.0)
(2004,7,72.86,55.94,0,37.6,201.5)
(2004,8,74.84,59.18,0,107.8,213.3)
(2004,9,69.44,54.5,0,18.8,182.7)
(2004,10,59.540000000000006,48.379999999999995,0,96.6,101.2)
(2004,11,52.16,43.16,2,29.6,60.8)
(2004,12,47.84,37.22,5,46.4,48.2)
(2005,1,49.1,38.839999999999996,1,21.6,72.1)
(2005,2,45.14,36.5,7,19.7,62.4)
(2005,3,52.7,40.1,7,43.6,96.7)
(2005,4,58.28,43.16,1,30.0,153.0)
(2005,5,63.86,47.3,0,19.8,228.3)
(2005,6,73.04,55.22,0,32.6,219.3)
(2005,7,73.94,57.379999999999995,0,45.8,202.5)
(2005,8,73.75999999999999,55.4,0,42.4,250.4)
(2005,9,70.52,54.86,0,47.5,143.9)
(2005,10,64.04,52.34,0,73.4,89.9)
(2005,11,51.26,38.3,8,29.2,93.3)
(2005,12,46.76,35.42,8,44.4,65.7)
(2006,1,45.68,37.22,6,16.8,51.4)
(2006,2,44.96,35.06,5,41.2,62.9)
(2006,3,48.92,37.04,10,44.6,91.2)
(2006,4,57.379999999999995,42.8,0,33.4,132.3)
(2006,5,64.4,49.64,0,91.6,128.2)
(2006,6,74.66,55.22,0,11.8,225.3)
(2006,7,82.75999999999999,62.059999999999995,0,23.6,266.4)
(2006,8,71.96,56.3,0,68.8,140.2)
(2006,9,72.86,58.1,0,78.2,153.9)
(2006,10,64.04,52.16,0,64.4,106.3)
(2006,11,54.86,41.72,2,98.0,97.0)
(2006,12,49.46,40.1,5,63.6,41.2)
(2007,1,50.9,41.18,2,56.0,56.6)
(2007,2,49.82,39.02,5,92.9,59.3)
(2007,3,54.5,39.92,2,43.8,164.7)
(2007,4,66.02,45.86,0,3.6,224.6)
(2007,5,64.22,49.46,0,80.0,149.6)
(2007,6,70.16,54.68,0,63.8,139.7)
(2007,7,70.52,55.58,0,115.2,159.9)
(2007,8,70.7,55.22,0,41.0,192.6)
(2007,9,67.82,52.52,0,17.4,141.1)
(2007,10,59.72,47.3,0,37.8,98.4)
(2007,11,52.52,40.28,3,84.8,81.3)
(2007,12,48.02,37.58,9,44.6,61.4)
(2008,1,50.72,40.46,0,69.0,60.2)
(2008,2,51.8,35.6,7,15.4,130.0)
(2008,3,51.08,38.660000000000004,2,69.8,85.7)
(2008,4,56.66,41.36,2,63.4,140.3)
(2008,5,67.64,50.9,0,64.2,162.6)
(2008,6,69.44,53.42,0,45.6,201.9)
(2008,7,73.04,56.66,0,76.8,172.5)
(2008,8,70.7,57.56,0,64.4,104.3)
(2008,9,65.3,52.16,0,43.0,110.7)
(2008,10,59.0,44.239999999999995,1,45.0,134.4)
(2008,11,51.26,41.36,2,58.8,42.2)
(2008,12,45.14,35.06,11,41.2,65.1)
(2009,1,44.239999999999995,32.54,13,72.4,63.2)
(2009,2,46.04,35.78,10,69.6,59.2)
(2009,3,55.22,38.660000000000004,2,30.0,158.5)
(2009,4,60.980000000000004,44.96,0,28.0,172.8)
(2009,5,66.38,48.92,0,29.8,193.9)
(2009,6,72.32,53.96,0,34.0,192.8)
(2009,7,73.4,56.66,0,71.4,155.8)
(2009,8,75.02,57.379999999999995,0,39.6,167.6)
(2009,9,68.9,53.6,0,36.0,137.3)
(2009,10,61.34,48.74,0,39.4,84.7)
(2009,11,54.68,45.32,0,148.0,62.4)
(2009,12,44.6,34.34,12,84.6,60.3)
(2010,1,40.1,31.46,15,51.8,51.3)
(2010,2,44.42,35.06,8,100.4,46.7)
(2010,3,51.98,38.660000000000004,4,39.8,106.4)
(2010,4,60.440000000000005,42.08,0,23.2,201.7)
(2010,5,63.14,45.86,0,20.6,170.4)
(2010,6,74.3,53.78,0,12.4,220.1)
(2010,7,77.0,59.18,0,18.0,161.8)
(2010,8,70.88,55.76,0,88.6,110.9)
(2010,9,66.92,52.16,0,38.2,128.7)
(2010,10,59.36,46.94,1,74.8,104.0)
(2010,11,48.379999999999995,39.2,7,32.2,50.0)
(2010,12,39.02,29.3,21,21.4,18.5)
(2011,1,45.32,37.04,8,76.8,35.6)
(2011,2,50.36,40.64,1,42.8,36.2)
(2011,3,54.14,38.839999999999996,4,14.6,126.4)
(2011,4,67.46,47.48,0,2.4,218.0)
(2011,5,66.92,48.92,0,24.6,218.0)
(2011,6,69.25999999999999,51.8,0,84.0,173.5)
(2011,7,71.06,54.68,0,49.8,173.6)
(2011,8,71.24000000000001,56.120000000000005,0,68.8,144.1)
(2011,9,70.34,54.32,0,35.0,161.2)
(2011,10,64.58,50.18,0,18.4,140.4)
(2011,11,56.48,45.14,0,29.0,52.5)
(2011,12,49.82,38.839999999999996,4,63.0,60.6)
(2012,1,49.64,38.12,7,34.4,68.5)
(2012,2,46.4,34.34,12,16.8,84.9)
(2012,3,58.459999999999994,40.46,0,16.2,180.3)
(2012,4,55.94,40.82,1,98.4,141.7)
(2012,5,64.75999999999999,49.46,0,25.4,166.6)
(2012,6,66.92,52.879999999999995,0,110.8,118.5)
(2012,7,70.34,55.76,0,71.8,161.6)
(2012,8,74.3,57.74,0,36.4,182.6)
(2012,9,68.0,50.54,0,41.2,178.9)
(2012,10,57.56,46.4,0,88.4,85.6)
(2012,11,51.8,40.28,1,71.8,75.4)
(2012,12,48.2,36.68,10,95.8,58.0)
(2013,1,43.7,35.6,13,50.1,34.5)
(2013,2,44.06,34.16,4,32.8,64.9)
(2013,3,44.42,34.16,11,52.8,62.3)
(2013,4,56.3,40.46,3,34.0,162.8)
(2013,5,61.519999999999996,45.86,0,41.8,163.3)
(2013,6,68.54,52.16,0,11.6,157.5)
(2013,7,80.6,59.36,0,25.2,268.2)
(2013,8,75.74000000000001,57.74,0,32.6,198.7)
(2013,9,67.46,51.98,0,49.6,118.9)
(2013,10,62.6,51.08,0,81.4,89.6)
(2013,11,50.72,40.46,1,50.0,80.4)
(2013,12,50.36,38.3,3,98.2,51.3)
(2014,1,50.0,38.839999999999996,1,162.4,68.3)
(2014,2,51.08,39.92,0,89.8,91.7)
(2014,3,57.379999999999995,39.92,1,27.8,161.4)
(2014,4,60.980000000000004,45.5,0,58.0,156.9)
(2014,5,64.4,49.64,0,84.6,178.8)
(2014,6,71.78,54.5,0,40.8,220.2)
(2014,7,78.44,59.0,0,50.0,246.4)
(2014,8,71.06,54.86,0,97.6,183.6)
(2014,9,70.7,55.04,0,10.8,134.6)
(2014,10,63.68,51.8,0,76.0,103.8)
(2014,11,54.5,44.42,1,128.4,51.1)
(2014,12,48.56,37.4,7,37.8,71.6)
(2015,1,47.84,34.88,10,63.4,62.0)
(2015,2,46.4,35.24,8,39.0,61.9)
(2015,3,52.879999999999995,39.38,1,24.0,140.7)
(2015,4,61.34,42.8,0,16.2,212.1)
